# Created by Octave 4.2.1, Tue Jun 13 00:33:09 2017 -03 <charles@Charless-MacBook-Pro.local>
# name: grid
# type: matrix
# rows: 72
# columns: 7
 0.03125 0.0001220703125 1678 1730 2528 2580 0.4938956089478045
 0.03125 0.00048828125 2206 523 3735 2052 0.6976249654791495
 0.03125 0.001953125 3169 1154 3104 1089 0.7366175089754211
 0.03125 0.0078125 3556 1044 3214 702 0.7949812206572771
 0.03125 0.03125 3709 959 3299 549 0.8229273681303507
 0.03125 0.125 3960 2206 2052 298 0.7059676884838442
 0.03125 0.5 1678 1729 2529 2580 0.4940129798398233
 0.03125 2 1678 1730 2528 2580 0.4938956089478045
 0.125 0.0001220703125 2247 532 3726 2011 0.7013808340237503
 0.125 0.00048828125 3178 1168 3090 1080 0.7360312068489367
 0.125 0.001953125 3607 942 3316 651 0.812948080640707
 0.125 0.0078125 3722 696 3562 536 0.8553360950013807
 0.125 0.03125 3753 732 3526 505 0.8547473073736537
 0.125 0.125 3858 1328 2930 400 0.7970889257111295
 0.125 0.5 4196 3200 1058 62 0.6169563656448496
 0.125 2 1678 1730 2528 2580 0.4938956089478045
 0.5 0.0001220703125 3180 1169 3089 1078 0.7361483015741508
 0.5 0.00048828125 3621 932 3326 637 0.8157660867163766
 0.5 0.001953125 3696 671 3587 562 0.8552178956089478
 0.5 0.0078125 3783 672 3586 475 0.8653134493233914
 0.5 0.03125 3806 698 3560 452 0.8649635459817728
 0.5 0.125 3771 891 3367 487 0.8381938690969346
 0.5 0.5 4048 2022 2236 210 0.7379025131179232
 0.5 2 4203 3386 872 55 0.5959370339685169
 2 0.0001220703125 3623 930 3328 635 0.8162358464512565
 2 0.00048828125 3683 661 3597 575 0.8548657829328915
 2 0.001953125 3743 655 3603 515 0.8626141949737642
 2 0.0078125 3816 660 3598 442 0.8705987296326981
 2 0.03125 3831 684 3574 427 0.8695432201049433
 2 0.125 3726 767 3491 532 0.8474642363987849
 2 0.5 3709 1338 2920 549 0.7784103838718586
 2 2 3954 2256 2002 304 0.6993924330295499
 8 0.0001220703125 3680 661 3597 578 0.8545136702568351
 8 0.00048828125 3715 638 3620 543 0.8613231151615576
 8 0.001953125 3775 653 3605 483 0.8666061861364265
 8 0.0078125 3858 661 3597 400 0.8754134217067108
 8 0.03125 3759 674 3584 499 0.8622573874620271
 8 0.125 3623 786 3472 635 0.833134769400718
 8 0.5 3659 1360 2898 599 0.7699574703120684
 8 2 3944 2260 1998 314 0.6977473073736536
 32 0.0001220703125 3713 640 3618 545 0.8608536315934824
 32 0.00048828125 3759 651 3607 499 0.8649627174813588
 32 0.001953125 3816 644 3614 442 0.8724774924054129
 32 0.0078125 3857 655 3603 401 0.8759991714995857
 32 0.03125 3653 666 3592 605 0.8507520022093343
 32 0.125 3514 829 3429 744 0.8152844518088926
 32 0.5 3649 1370 2888 609 0.7676072908036453
 32 2 3945 2264 1994 313 0.6973943661971832
 128 0.0001220703125 3738 646 3612 520 0.8630836785418394
 128 0.00048828125 3787 647 3611 471 0.8687199668599834
 128 0.001953125 3848 650 3608 410 0.8755305164319248
 128 0.0078125 3794 656 3602 464 0.8684819110742887
 128 0.03125 3551 708 3550 707 0.8338420325876829
 128 0.125 3484 862 3396 774 0.8078906379453189
 128 0.5 3646 1373 2885 612 0.766901684617509
 128 2 3946 2265 1993 312 0.6973940900303782
 512 0.0001220703125 3761 654 3604 497 0.8648458989229495
 512 0.00048828125 3824 649 3609 434 0.872830985915493
 512 0.001953125 3842 650 3608 416 0.8748257387462027
 512 0.0078125 3684 679 3579 574 0.8528646782656724
 512 0.03125 3456 755 3503 802 0.8171676332504832
 512 0.125 3456 861 3397 802 0.8047172051919359
 512 0.5 3641 1370 2888 617 0.7666672190002762
 512 2 3946 2265 1993 312 0.6973940900303782
 2048 0.0001220703125 3788 655 3603 470 0.8678980944490473
 2048 0.00048828125 3858 651 3607 400 0.8765885114609224
 2048 0.001953125 3821 654 3604 437 0.871888428610881
 2048 0.0078125 3570 685 3573 688 0.8387732670533001
 2048 0.03125 3381 786 3472 877 0.8047202430267882
 2048 0.125 3446 866 3392 812 0.8029555371444351
 2048 0.5 3641 1368 2890 617 0.7669022369511185
 2048 2 3946 2265 1993 312 0.6973940900303782
