# Created by Octave 4.0.0, Tue Jun 13 17:26:42 2017 BRT <charles@ds9>
# name: grid
# type: matrix
# rows: 289
# columns: 7
 2 0.001953125 3743 690 3568 515 0.8585040044186689
 2 0.00232267014648969 3750 685 3573 508 0.8599138359569179
 2 0.002762135864009951 3754 686 3572 504 0.8602665009665837
 2 0.003284751622084822 3758 685 3573 500 0.8608544600938967
 2 0.003906249999999999 3763 690 3568 495 0.8608544600938967
 2 0.004645340292979378 3765 696 3562 493 0.8603847003590168
 2 0.005524271728019901 3778 698 3560 480 0.8616763325048329
 2 0.006569503244169643 3786 700 3558 472 0.8623819386909695
 2 0.007812499999999997 3788 701 3557 470 0.8624993095829883
 2 0.009290680585958755 3787 691 3567 471 0.8635559237779619
 2 0.0110485434560398 3797 698 3560 461 0.8639083126208229
 2 0.01313900648833928 3811 696 3562 447 0.8657876277271471
 2 0.01562499999999999 3812 708 3550 446 0.8644954432477215
 2 0.01858136117191751 3820 709 3549 438 0.8653181441590722
 2 0.0220970869120796 3821 716 3542 437 0.864614471140569
 2 0.02627801297667857 3822 723 3535 436 0.8639099696216513
 2 0.03124999999999999 3818 721 3537 440 0.8636755040044186
 2.378414230005442 0.001953125 3745 689 3569 513 0.8588572217619441
 2.378414230005442 0.00232267014648969 3751 685 3573 507 0.8600312068489367
 2.378414230005442 0.002762135864009951 3756 685 3573 502 0.8606191659762497
 2.378414230005442 0.003284751622084822 3767 690 3568 491 0.8613233913283624
 2.378414230005442 0.003906249999999999 3766 693 3565 492 0.8608544600938968
 2.378414230005442 0.004645340292979378 3774 694 3564 484 0.8616755040044186
 2.378414230005442 0.005524271728019901 3784 696 3562 474 0.8626164043082021
 2.378414230005442 0.006569503244169643 3788 700 3558 470 0.8626166804750068
 2.378414230005442 0.007812499999999997 3785 693 3565 473 0.8630867163766915
 2.378414230005442 0.009290680585958755 3788 696 3562 470 0.8630864402098869
 2.378414230005442 0.0110485434560398 3801 694 3564 457 0.8648478320905827
 2.378414230005442 0.01313900648833928 3815 701 3557 443 0.8656694283347142
 2.378414230005442 0.01562499999999999 3818 707 3551 440 0.8653178679922673
 2.378414230005442 0.01858136117191751 3819 717 3541 439 0.8642615299640983
 2.378414230005442 0.0220970869120796 3824 718 3540 434 0.8647315658657829
 2.378414230005442 0.02627801297667857 3825 720 3538 433 0.8646150234741784
 2.378414230005442 0.03124999999999999 3817 721 3537 441 0.8635584092792048
 2.82842712474619 0.001953125 3750 686 3572 508 0.8597959127312897
 2.82842712474619 0.00232267014648969 3756 686 3572 502 0.8605004142502072
 2.82842712474619 0.002762135864009951 3761 684 3574 497 0.8613231151615576
 2.82842712474619 0.003284751622084822 3770 688 3570 488 0.861910521955261
 2.82842712474619 0.003906249999999999 3765 689 3569 493 0.8612057442695388
 2.82842712474619 0.004645340292979378 3778 693 3565 480 0.8622631869649269
 2.82842712474619 0.005524271728019901 3786 694 3564 472 0.8630856117094726
 2.82842712474619 0.006569503244169643 3784 696 3562 474 0.8626164043082021
 2.82842712474619 0.007812499999999997 3788 695 3563 470 0.8632038111019055
 2.82842712474619 0.009290680585958755 3796 697 3561 462 0.8639083126208229
 2.82842712474619 0.0110485434560398 3813 699 3559 445 0.8656694283347142
 2.82842712474619 0.01313900648833928 3819 708 3550 439 0.8653164871582437
 2.82842712474619 0.01562499999999999 3822 714 3544 436 0.8649649268157967
 2.82842712474619 0.01858136117191751 3819 712 3546 439 0.864848660590997
 2.82842712474619 0.0220970869120796 3826 723 3535 432 0.8643800055233359
 2.82842712474619 0.02627801297667857 3822 714 3544 436 0.8649674123170396
 2.82842712474619 0.03124999999999999 3813 715 3543 445 0.8637942557304612
 3.363585661014858 0.001953125 3756 682 3576 502 0.8609707263186965
 3.363585661014858 0.00232267014648969 3763 680 3578 495 0.8620270643468654
 3.363585661014858 0.002762135864009951 3769 686 3572 489 0.8620273405136704
 3.363585661014858 0.003284751622084822 3771 691 3567 487 0.8616755040044186
 3.363585661014858 0.003906249999999999 3773 686 3572 485 0.8624968240817454
 3.363585661014858 0.004645340292979378 3785 692 3566 473 0.8632027064346864
 3.363585661014858 0.005524271728019901 3787 692 3566 471 0.8634382767191383
 3.363585661014858 0.006569503244169643 3785 695 3563 473 0.8628516984258493
 3.363585661014858 0.007812499999999997 3788 695 3563 470 0.8632038111019055
 3.363585661014858 0.009290680585958755 3803 695 3563 455 0.8649652029826015
 3.363585661014858 0.0110485434560398 3818 703 3555 440 0.8657862468931234
 3.363585661014858 0.01313900648833928 3820 707 3551 438 0.8655517812758907
 3.363585661014858 0.01562499999999999 3825 711 3547 433 0.8656694283347142
 3.363585661014858 0.01858136117191751 3822 714 3544 436 0.8649663076498205
 3.363585661014858 0.0220970869120796 3824 715 3543 434 0.8650845070422534
 3.363585661014858 0.02627801297667857 3823 711 3547 435 0.8654368958851146
 3.363585661014858 0.03124999999999999 3813 715 3543 445 0.8637945318972658
 3.999999999999999 0.001953125 3759 683 3575 499 0.8612051919359294
 3.999999999999999 0.00232267014648969 3768 687 3571 490 0.8617928748964376
 3.999999999999999 0.002762135864009951 3776 688 3570 482 0.8626136426401546
 3.999999999999999 0.003284751622084822 3768 687 3571 490 0.8617925987296328
 3.999999999999999 0.003906249999999999 3776 689 3569 482 0.8624976525821596
 3.999999999999999 0.004645340292979378 3782 689 3569 476 0.8632029826014913
 3.999999999999999 0.005524271728019901 3784 693 3565 474 0.8629687931510631
 3.999999999999999 0.006569503244169643 3784 694 3564 474 0.8628514222590444
 3.999999999999999 0.007812499999999997 3798 697 3561 460 0.8641433305716653
 3.999999999999999 0.009290680585958755 3818 695 3563 440 0.8667260425296878
 3.999999999999999 0.0110485434560398 3825 707 3551 433 0.8661389119027894
 3.999999999999999 0.01313900648833928 3821 711 3547 437 0.8651996685998343
 3.999999999999999 0.01562499999999999 3826 713 3545 432 0.8655523336095001
 3.999999999999999 0.01858136117191751 3828 710 3548 430 0.866141397404032
 3.999999999999999 0.0220970869120796 3817 709 3549 441 0.8649671361502348
 3.999999999999999 0.02627801297667857 3818 711 3547 440 0.8648505937586302
 3.999999999999999 0.03124999999999999 3795 713 3545 463 0.8619143882905276
 4.756828460010883 0.001953125 3763 683 3575 495 0.8616746755040043
 4.756828460010883 0.00232267014648969 3772 688 3570 486 0.8621438829052748
 4.756828460010883 0.002762135864009951 3774 691 3567 484 0.8620273405136702
 4.756828460010883 0.003284751622084822 3775 683 3575 483 0.8630842308754488
 4.756828460010883 0.003906249999999999 3783 689 3569 475 0.8633198011599006
 4.756828460010883 0.004645340292979378 3782 687 3571 476 0.8634377243855289
 4.756828460010883 0.005524271728019901 3786 696 3562 472 0.8628516984258493
 4.756828460010883 0.006569503244169643 3788 692 3566 470 0.8635559237779619
 4.756828460010883 0.007812499999999997 3805 693 3565 453 0.8654344103838717
 4.756828460010883 0.009290680585958755 3819 707 3551 439 0.8654344103838719
 4.756828460010883 0.0110485434560398 3820 706 3552 438 0.8656688760011046
 4.756828460010883 0.01313900648833928 3822 715 3543 436 0.8648472797569733
 4.756828460010883 0.01562499999999999 3821 704 3554 437 0.8660229218447941
 4.756828460010883 0.01858136117191751 3830 702 3556 428 0.8673151063242198
 4.756828460010883 0.0220970869120796 3821 708 3550 437 0.8655539906103286
 4.756828460010883 0.02627801297667857 3803 714 3544 455 0.8627362607014636
 4.756828460010883 0.03124999999999999 3782 715 3543 476 0.8601516155758079
 5.656854249492379 0.001953125 3771 690 3568 487 0.8617920463960231
 5.656854249492379 0.00232267014648969 3774 691 3567 484 0.8620267881800607
 5.656854249492379 0.002762135864009951 3772 688 3570 486 0.8621444352388842
 5.656854249492379 0.003284751622084822 3776 689 3569 482 0.8624976525821596
 5.656854249492379 0.003906249999999999 3782 687 3571 476 0.8634374482187243
