# Created by Octave 4.2.1, Tue Jun 13 17:43:11 2017 -03 <charles@Charless-MacBook-Pro.local>
# name: grid
# type: matrix
# rows: 289
# columns: 7
 2 0.001953125 3749 655 3603 509 0.8633178679922674
 2 0.00232267014648969 3751 657 3601 507 0.8633175918254625
 2 0.002762135864009951 3762 657 3601 496 0.8646083954708643
 2 0.003284751622084822 3766 654 3604 492 0.8654308202154102
 2 0.003906249999999999 3776 656 3602 482 0.8663708920187793
 2 0.004645340292979378 3789 659 3599 469 0.867544877105772
 2 0.005524271728019901 3787 657 3601 471 0.8675440486053578
 2 0.006569503244169643 3793 654 3604 465 0.8686014913007456
 2 0.007812499999999997 3799 663 3595 459 0.8682482739574704
 2 0.009290680585958755 3811 663 3595 447 0.8696583816625243
 2 0.0110485434560398 3821 667 3591 437 0.8703634355150511
 2 0.01313900648833928 3829 667 3591 429 0.8713021264843966
 2 0.01562499999999999 3843 672 3586 415 0.8723584645125655
 2 0.01858136117191751 3845 675 3583 413 0.872240817453742
 2 0.0220970869120796 3844 685 3573 414 0.8709475283070975
 2 0.02627801297667857 3844 692 3566 414 0.8701273128969899
 2 0.03124999999999999 3846 693 3565 412 0.8702468931234465
 2.378414230005442 0.001953125 3747 657 3601 511 0.8628478320905828
 2.378414230005442 0.00232267014648969 3757 659 3599 501 0.8637865230599282
 2.378414230005442 0.002762135864009951 3763 661 3597 495 0.8642562827948082
 2.378414230005442 0.003284751622084822 3772 653 3605 486 0.8662526926263464
 2.378414230005442 0.003906249999999999 3779 657 3601 479 0.866605633802817
 2.378414230005442 0.004645340292979378 3785 658 3600 473 0.8671916597624966
 2.378414230005442 0.005524271728019901 3791 657 3601 467 0.8680140845070422
 2.378414230005442 0.006569503244169643 3796 654 3604 462 0.868953603976802
 2.378414230005442 0.007812499999999997 3804 657 3601 454 0.8695396299364816
 2.378414230005442 0.009290680585958755 3818 666 3592 440 0.8701284175642087
 2.378414230005442 0.0110485434560398 3830 662 3596 428 0.8720066280033141
 2.378414230005442 0.01313900648833928 3848 672 3586 410 0.8729464236398785
 2.378414230005442 0.01562499999999999 3843 672 3586 415 0.8723584645125655
 2.378414230005442 0.01858136117191751 3845 678 3580 413 0.871888428610881
 2.378414230005442 0.0220970869120796 3847 686 3572 411 0.8711830985915492
 2.378414230005442 0.02627801297667857 3844 692 3566 414 0.8701289698978183
 2.378414230005442 0.03124999999999999 3836 689 3569 422 0.8695423916045291
 2.82842712474619 0.001953125 3754 656 3602 504 0.8637865230599282
 2.82842712474619 0.00232267014648969 3763 659 3599 495 0.8644910245788455
 2.82842712474619 0.002762135864009951 3769 657 3601 489 0.8654305440486054
 2.82842712474619 0.003284751622084822 3776 652 3606 482 0.8668403755868545
 2.82842712474619 0.003906249999999999 3790 656 3602 468 0.8680140845070422
 2.82842712474619 0.004645340292979378 3790 656 3602 468 0.8680143606738471
 2.82842712474619 0.005524271728019901 3795 651 3607 463 0.8691888980944491
 2.82842712474619 0.006569503244169643 3796 658 3600 462 0.8684835680751174
 2.82842712474619 0.007812499999999997 3815 663 3595 443 0.870128141397404
 2.82842712474619 0.009290680585958755 3826 663 3595 432 0.8714194973764154
 2.82842712474619 0.0110485434560398 3834 665 3593 424 0.8721239988953327
 2.82842712474619 0.01313900648833928 3844 667 3591 414 0.8730635183650926
 2.82842712474619 0.01562499999999999 3848 674 3584 410 0.8727103010218171
 2.82842712474619 0.01858136117191751 3848 679 3579 410 0.8721223418945044
 2.82842712474619 0.0220970869120796 3853 684 3574 405 0.8721242750621375
 2.82842712474619 0.02627801297667857 3844 688 3570 414 0.8705992819663078
 2.82842712474619 0.03124999999999999 3831 690 3568 427 0.8688387185860259
 3.363585661014858 0.001953125 3757 655 3603 501 0.8642565589616128
 3.363585661014858 0.00232267014648969 3763 656 3602 495 0.8648431372549019
 3.363585661014858 0.002762135864009951 3777 655 3603 481 0.8666045291355979
 3.363585661014858 0.003284751622084822 3786 657 3601 472 0.8674269538801435
 3.363585661014858 0.003906249999999999 3783 655 3603 475 0.8673090306545154
 3.363585661014858 0.004645340292979378 3792 655 3603 466 0.8683670256835129
 3.363585661014858 0.005524271728019901 3790 657 3601 468 0.8678975421154378
 3.363585661014858 0.006569503244169643 3807 659 3599 451 0.8696581054957194
 3.363585661014858 0.007812499999999997 3826 666 3592 432 0.8710676608671637
 3.363585661014858 0.009290680585958755 3829 664 3594 429 0.8716539629936481
 3.363585661014858 0.0110485434560398 3847 664 3594 411 0.8737682960508145
 3.363585661014858 0.01313900648833928 3842 668 3590 416 0.8727111295222315
 3.363585661014858 0.01562499999999999 3847 675 3583 411 0.8724752830709749
 3.363585661014858 0.01858136117191751 3858 686 3572 400 0.872476111571389
 3.363585661014858 0.0220970869120796 3855 684 3574 403 0.8723592930129799
 3.363585661014858 0.02627801297667857 3842 688 3570 416 0.8703650925158796
 3.363585661014858 0.03124999999999999 3830 690 3568 428 0.8687219000276167
 3.999999999999999 0.001953125 3763 654 3604 495 0.865078431372549
 3.999999999999999 0.00232267014648969 3768 655 3603 490 0.8655476387738193
 3.999999999999999 0.002762135864009951 3781 652 3606 477 0.8674269538801436
 3.999999999999999 0.003284751622084822 3787 651 3607 471 0.8682493786246894
 3.999999999999999 0.003906249999999999 3788 651 3607 470 0.868366749516708
 3.999999999999999 0.004645340292979378 3792 653 3605 466 0.8686020436343551
 3.999999999999999 0.005524271728019901 3799 658 3600 459 0.8688359569179784
 3.999999999999999 0.006569503244169643 3818 665 3593 440 0.8702460646230323
 3.999999999999999 0.007812499999999997 3828 662 3596 430 0.8717721623860812
 3.999999999999999 0.009290680585958755 3840 664 3594 418 0.8729458713062691
 3.999999999999999 0.0110485434560398 3845 662 3596 413 0.8737677437172051
 3.999999999999999 0.01313900648833928 3846 672 3586 412 0.8727105771886219
 3.999999999999999 0.01562499999999999 3848 676 3582 410 0.8724755592377796
 3.999999999999999 0.01858136117191751 3859 677 3581 399 0.8736512013256007
 3.999999999999999 0.0220970869120796 3842 684 3574 416 0.8708354045843689
 3.999999999999999 0.02627801297667857 3838 685 3573 420 0.8702482739574702
 3.999999999999999 0.03124999999999999 3831 684 3574 427 0.8695423916045291
 4.756828460010883 0.001953125 3761 652 3606 497 0.8650778790389395
 4.756828460010883 0.00232267014648969 3778 653 3605 480 0.8669566418116542
 4.756828460010883 0.002762135864009951 3780 651 3607 478 0.8674269538801436
 4.756828460010883 0.003284751622084822 3785 649 3609 473 0.8682496547914941
 4.756828460010883 0.003906249999999999 3791 653 3605 467 0.8684835680751174
 4.756828460010883 0.004645340292979378 3790 654 3604 468 0.8682499309582988
 4.756828460010883 0.005524271728019901 3806 660 3598 452 0.8694236398784867
 4.756828460010883 0.006569503244169643 3828 663 3595 430 0.8716545153272577
 4.756828460010883 0.007812499999999997 3835 663 3595 423 0.872476111571389
 4.756828460010883 0.009290680585958755 3844 665 3593 414 0.8732985363159347
 4.756828460010883 0.0110485434560398 3846 665 3593 412 0.8735324495995582
 4.756828460010883 0.01313900648833928 3848 672 3586 410 0.8729453189726595
 4.756828460010883 0.01562499999999999 3850 671 3587 408 0.8732977078155205
 4.756828460010883 0.01858136117191751 3852 678 3580 406 0.8727127865230599
 4.756828460010883 0.0220970869120796 3843 676 3582 415 0.8718925711129522
 4.756828460010883 0.02627801297667857 3838 680 3578 420 0.8708348522507594
 4.756828460010883 0.03124999999999999 3810 673 3585 448 0.8683681303507319
 5.656854249492379 0.001953125 3768 653 3605 490 0.8657823805578569
 5.656854249492379 0.00232267014648969 3777 653 3605 481 0.866839823253245
 5.656854249492379 0.002762135864009951 3784 652 3606 474 0.8677796188898095
 5.656854249492379 0.003284751622084822 3785 654 3604 473 0.8676616956641812
 5.656854249492379 0.003906249999999999 3789 656 3602 469 0.8678967136150234
